epsParam:40.0   minLnsParam:4
clusterID: 0  Points Number:  5
206.63992369118566 274.28358516367564   290.99785341674567 260.8234077345714   336.6481875557686 261.4836166039905   447.0375540346503 266.14389326541993   485.0 268.0   
trajectoryID: 0
1 2 6 8 9 