epsParam:32.0   minLnsParam:5
clusterID: 0  Points Number:  7
223.49289060773867 253.2701364641451   267.0123789368667 251.182589318784   305.10865789557397 253.6027039597165   351.17752054317623 258.6184280118496   387.899647138595 261.5197952942764   427.2588520093565 264.81806713800887   464.2977291188672 271.3915045032902   
trajectoryID: 0
3 4 11 12 13 16 18 19 25 26 31 