epsParam:33.0   minLnsParam:3
clusterID: 0  Points Number:  5
198.99999999999997 261.0   235.2294309303749 257.75146300502706   301.88193722494105 259.34085580245585   379.7908455568637 263.3753968899062   446.0670174454061 267.2388732986008   
trajectoryID: 0
1 3 4 6 8 