epsParam:40.0   minLnsParam:3
clusterID: 0  Points Number:  5
486.0 272.0   231.99999999999997 284.9608711150514   153.99999999999997 292.57143106179944   79.0 311.3604496833726   38.99999999999999 328.54489795918363   
trajectoryID: 0
1 4 6 7 12 