epsParam:34.0   minLnsParam:2
clusterID: 0  Points Number:  3
33.0 322.99999999999994   103.26718440942037 296.1213273041504   145.4559783954503 277.73259915924535   
trajectoryID: 0
2 5 7 11 