epsParam:34.0   minLnsParam:3
clusterID: 0  Points Number:  4
233.00000000000003 247.99999999999997   337.95268788423056 257.6860256786569   378.08108524454207 260.82426395413984   472.91219717126444 267.27314101666434   
trajectoryID: 0
1 3 6 8 