epsParam:20.0   minLnsParam:19
clusterID: 0  Points Number:  7
225.0006140310266 260.5880759640196   187.36905762732962 265.3757459320333   149.9437037130368 275.8951588158991   116.63986159887679 291.3293103604035   83.84848627324887 306.0293884269257   51.745446126150085 321.8013199359268   18.402172939240117 337.16203856717135   
clusterID: 1  Points Number:  6
483.7309869111379 261.57887407486277   430.84240564293003 264.3505242751024   369.38679110375364 259.96822701809225   309.52534397941366 255.99253000571494   250.72340123969 253.1242332241077   194.78742892670817 254.37335990401954   