epsParam:27.0   minLnsParam:6
clusterID: 0  Points Number:  6
196.41450344927262 255.3794492270473   162.6377467166942 267.48083782294344   129.8989825217174 282.53453471741153   98.0190474700542 298.9151008920112   66.19876309741849 315.3001234027702   12.057723439844963 340.997302112209   
clusterID: 1  Points Number:  7
180.99940848595156 246.15024456830858   229.98922806637634 248.7360711404333   299.9790481997296 253.32175726870193   344.01741595397795 256.5763476896077   381.002022643583 259.48624852994925   421.01066467618045 262.29117225014215   463.00550018152205 265.6029538934679   